8
10
16
26
40
46
51
57
60
64
67
69
72
73
81
82
83
84
87
93
97
98
100
104
108
121
122
124
133
142
144
145
147
153
155
165
166
181
185
187
191
193
195
196
210
211
220
224
228
229
234
236
238
246
250
272
276
279
285
294
295
301
303
309
313
317
318
319
323
330
332
333
335
349
351
353
360
362
366
371
374
375
385
386
406
415
419
422
428
430
434
447
449
450
453
468
470
475
479
487
495
504
506
507
517
519
524
528
539
542
556
559
565
574
576
577
580
581
582
587
589
591
592
607
614
619
620
626
633
634
639
640
643
646
648
649
650
660
662
663
670
673
677
678
681
687
688
704
711
713
719
720
741
744
748
755
760
767
771
786
809
811
813
814
816
819
826
838
839
840
842
857
861
866
869
871
873
880
891
896
899
902
907
936
941
943
944
945
963
966
967
975
987
990
1011
1014
1039
1040
1045
1046
1052
1053
1058
1059
1060
1067
1073
1078
1080
1081
1087
1092
1098
1099
1100
1104
1110
1112
1118
1126
1130
1131
1139
1143
1150
1158
1167
1173
1180
1191
1200
1207
1216
1218
1237
1241
1243
1246
1250
1256
1261
1262
1265
1269
1274
1282
1283
1295
1300
1301
1304
1305
1309
1312
1317
1318
1334
1336
1343
1345
1346
1359
1363
1374
1379
1381
1384
1387
1391
1405
1408
1410
1413
1414
1416
1424
1425
1429
1433
1434
1435
1469
1498
1511
1518
1521
1524
1532
1536
1551
1557
1571
1573
1576
1579
1584
1585
1586
1587
1591
1593
1596
1597
1607
1613
1629
1631
1634
1636
1640
1643
1647
1657
1672
1677
1682
1683
1687
1689
1691
1705
1707
1720
1727
1729
1734
1735
1755
1756
1762
1768
1769
1773
1777
1779
1781
1790
1804
1806
1809
1810
1814
1816
1831
1835
1838
1844
1847
1858
1860
1863
1864
1865
1872
1874
1901
1908
1909
1912
1918
1923
1927
1947
1953
1956
1958
1962
1964
1966
1967
1968
1972
1974
1981
1987
1989
1999
2002
2013
2016
2018
2021
2025
2033
2048
2052
2054
2055
2057
2059
2066
2070
2077
2089
2094
2102
2111
2112
2119
2120
2133
2134
2141
2145
2161
2164
2168
2171
2176
2177
2184
2186
2213
2217
2229
2236
2239
2242
2244
2259
2271
2277
2284
2294
2311
2313
2317
2329
2336
2341
2352
2361
2364
2367
2373
2377
2380
2387
2390
2399
2403
2407
2424
2425
2429
2431
2432
2435
2449
2455
2458
2461
2465
2469
2472
2498
2509
2513
2516
2525
2530
2532
2543
2553
2562
2569
2583
2593
2602
2605
2610
2612
2619
2630
2631
2633
2634
2637
2638
2639
2656
2666
2674
2692
2697
2699
2701
2720
2723
2725
2741
2747
2751
2757
2760
2763
2766
2773
2779
2781
2782
2791
2795
2796
2803
2804
2805
2833
2845
2846
2850
2855
2856
2871
2878
2885
2886
2888
2908
2913
2914
2915
2926
2950
2952
2962
2965
2975
2978
2985
2986
2987
3001
3013
3019
3020
3029
3036
3042
3051
3054
3058
3064
3067
3068
3070
3075
3076
3085
3090
3095
3112
3122
3125
3134
3135
3139
3144
3156
3161
3169
3180
3195
3198
3199
3200
3201
3211
3218
3219
3227
3244
3247
3249
3262
3265
3274
3297
3303
3318
3324
3326
3348
3354
3358
3361
3363
3418
3425
3426
3432
3435
3446
3452
3472
3475
3503
3511
3513
3522
3560
3574
3576
3582
3596
3607
3625
3639
3643
3676
3688
3691
3716
3747
3773
3782
3827
3849
3863
3874
3910
3915
3918
3927
3942
3944
3948
3950
3959
3961
3981
3984
4000
4019
4058
4062
4118
4139
4149
4164
4200
4211
4264
4289
4290
4323
4351
4353
4372
4373
4409
4419
4434
4447
4474
4506
4522
4527
4566
4572
4580
4631
4659
4663
4674
4703
4720
4760
4787
4795
4843
4846
4850
4902
4966
5014
5017
5018
5024
5058
5060
5062
5064
5085
5119
5151
5162
5203
5211
5225
5231
5239
5278
5285
5297
5298
5320
5329
5380
5397
5437
5468
5482
5493
5494
5526
5546
5590
5596
5606
5629
5665
5672
5681
5688
5723
5730
5738
5751
5765
5779
5785
5790
5797
5806
5812
5827
5833
5839
5843
5847
5854
5864
5867
5870
5889
5905
5911
5912
5914
5925
5961
5969
5987
5999
6022
6043
6049
6061
6065
6083
6085
6101
6102
6114
6156
6159
6174
6194
6197
6205
6216
6231
6240
6245
6267
6277
6284
6294
6307
6319
6322
6359
6361
6371
6385
6405
6417
6418
6419
6431
6436
6478
6487
6516
6531
6545
6577
6670
6675
6716
6722
6727
6735
6739
6751
6772
6777
6808
6813
6842
6851
6903
6913
6917
6919
6925
6933
6939
6949
6985
6995
6997
7001
7002
7005
7016
7019
7025
7032
7034
7060
7069
7080
7083
7090
7098
7120
7129
7147
7151
7157
7190
7191
7197
7234
7242
7274
7302
7314
7321
7335
7366
7378
7392
7395
7410
7425
7441
7448
7456
7460
7464
7465
7474
7477
7479
7484
7490
7512
7521
7533
7561
7596
7611
7630
7688
7722
7749
7759
7761
7768
7811
7859
7864
7875
7877
7890
7959
8034
8037
8052
8059
8088
8139
8177
8196
8282
8296
8336
8352
8358
8359
8401
8424
8430
8482
8484
8486
8492
8493
8516
8520
8528
8551
8557
8574
8605
8606
8608
8618
8624
8645
8691
8726
8743
8795
8811
8812
8819
8830
8840
8847
8872
8889
8904
8917
8922
8926
8956
8977
8991
8994
9003
9014
9050
9056
9065
9082
9090
9094
9095
9108
9117
9134
9136
9153
9161
9170
9183
9186
9205
9215
9246
9248
9270
9274
9286
9288
9306
9318
9362
9367
9370
9404
9456
9460
9465
9466
9485
9497
9500
9524
9551
9558
9560
9572
9581
9595
9605
9631
9639
9659
9675
9676
9697
9706
9709
9725
9740
9749
9754
9759
9762
9780
9791
9833
9844
9845
9848
9852
9855
9865
9873
9875
9881
9882
9897
9911
9914
9926
9927
9934
9935
9949
10000
10046
10060
10066
10067
10073
10108
10118
10133
10174
10180
10183
10191
10203
10212
10219
10230
10244
10266
10271
10286
10294
10317
10328
10338
10358
10383
10393
10409
10418
10422
10432
10436
10443
10463
10466
10487
10488
10491
10502
10513
10523
10542
10556
10578
10582
10590
10594
10601
10632
10633
10642
10652
10688
10699
10711
10715
10763
10775
10789
10799
10805
10817
10823
10827
10878
10881
10895
10916
10932
10942
10959
10969
10989
10991
11017
11018
11024
11028
11032
11039
11047
11069
11087
11088
11091
11094
11099
11105
11120
11135
11171
11174
11175
11185
11203
11220
11233
11255
11258
11272
11277
11281
11284
11286
11288
11300
11303
11307
11310
11311
11332
11339
11348
11364
11374
11388
11392
11395
11419
11420
11431
11444
11456
11459
11488
11492
11503
11518
11524
11535
11539
11541
11559
11569
11586
11590
11595
11597
11599
11613
11632
11637
11662
11699
11700
11714
11746
11752
11787
11795
11815
11817
11821
11826
11829
11839
11851
11869
11885
11898
11901
11905
11906
11936
11947
11977
11984
11987
11995
11997
12000
12009
12029
12044
12061
12073
12075
12078
12084
12085
12092
12110
12113
12124
12136
12140
12142
12147
12154
12176
12211
12216
12226
12233
12261
12274
12279
12280
12339
12347
12349
12359
12364
12370
12387
12391
12392
12394
12395
12396
12414
12416
12420
12422
12432
12441
12452
12463
12468
12472
12473
12477
12486
12492
12498
12524
12530
12535
12545
12550
12571
12573
12575
12578
12586
12597
12600
12604
12610
12617
12618
12620
12624
12627
12628
12631
12638
12642
12658
12661
12664
12670
12676
12685
12705
12713
12716
12728
12741
12755
12779
12784
12816
12840
12842
12855
12861
12865
12872
12875
12879
12884
12901
12923
12924
12941
12945
12952
12961
12963
12969
12977
12997
13001
13005
13011
13014
13032
13044
13051
13058
13060
13062
13075
13086
13096
13112
13125
13132
13144
13147
13181
13186
13241
13250
13257
13258
13263
13265
13269
13292
13294
13308
13310
13321
13346
13371
13380
13382
13386
13408
13412
13437
13464
13473
13487
13490
13493
13510
13512
13532
13570
13616
13630
13674
13691
13715
13719
13732
13739
13752
13775
13796
13807
13808
13814
13833
13837
13839
13841
13844
13846
13849
13860
13864
13869
13873
13890
13892
13901
13905
13922
13927
13928
13932
13934
13940
13959
13961
13966
13976
13991
13994
14007
14028
14036
14042
14051
14053
14055
14085
14099
14122
14129
14137
14143
14148
14176
14202
14209
14217
14223
14233
14245
14258
14262
14271
14292
14307
14308
14309
14315
14329
14335
14346
14349
14373
14377
14383
14392
14407
14412
14413
14414
14441
14471
14472
14478
14480
14483
14520
14533
14535
14543
14570
14576
14596
14598
14607
14610
14615
14643
14644
14645
14649
14653
14668
14673
14680
14698
14703
14711
14718
14736
14759
14760
14787
14803
14806
14811
14831
14833
14840
14841
14864
14871
14892
14929
14963
14975
15008
15011
15025
15052
15062
15067
15071
15084
15098
15136
15160
15207
15245
15252
15258
15265
15279
15284
15287
15293
15302
15308
15345
15349
15352
15386
15390
15400
15413
15420
15430
15454
15463
15475
15487
15488
15490
15494
15510
15515
15524
15525
15535
15538
15567
15586
15601
15610
15613
15653
15667
15668
15673
15688
15699
15704
15711
15717
15726
15748
15759
15786
15793
15795
15815
15832
15838
15840
15866
15896
15898
15903
15911
15922
15930
15937
15946
15963
15977
15981
15983
15984
16003
16004
16008
16032
16041
16052
16068
16069
16073
16077
16085
16105
16117
16129
16133
16137
16150
16157
16164
16173
16182
16207
16216
16218
16224
16225
16229
16232
16247
16251
16262
16271
16275
16281
16282
16300
16314
16320
16323
16329
16335
16343
16369
16385
16388
16423
16425
16436
16455
16457
16478
16479
16486
16499
16503
16520
16524
16563
16573
16575
16584
16589
16591
16595
16596
16597
16632
16648
16650
16662
16690
16695
16697
16699
16716
16717
16726
16732
16740
16746
16759
16760
16764
16789
16795
16802
16810
16819
16822
16823
16844
16846
16848
16857
16890
16892
16904
16923
16962
16965
16969
16973
16981
16982
16995
17007
17016
17018
17064
17068
17073
17075
17086
17098
17110
17125
17126
17130
17141
17149
17176
17182
17199
17210
17217
17224
17234
17244
17268
17274
17289
17293
17302
17319
17339
17356
17360
17363
17371
17380
17397
17401
17424
17433
17481
17500
17506
17515
17531
17544
17549
17552
17564
17565
17588
17614
17615
17620
17626
17643
17645
17687
17696
17699
17713
17717
17719
17736
17747
17765
17791
17798
17829
17867
17870
17891
17892
17896
17927
17944
17947
17958
17960
17962
17964
17976
17991
17992
17993
18017
18073
18076
18079
18093
18095
18096
18110
18121
18137
18154
18181
18194
18215
18216
18220
18224
18227
18231
18232
18240
18244
18269
18319
18340
18356
18369
18383
18391
18392
18404
18417
18424
18429
18436
18441
18442
18452
18456
18463
18469
18511
18517
18523
18525
18528
18532
18546
18576
18580
18583
18592
18601
18606
18613
18615
18624
18650
18661
18675
18686
18715
18719
18732
18743
18772
18773
18792
18799
18801
18808
18836
18839
18842
18843
18850
18871
18877
18878
18882
18889
18891
18898
18906
18930
18951
18954
18971
18972
18976
18997
19001
19021
19050
19071
19082
19112
19113
19117
19124
19145
19174
19188
19197
19208
19217
19219
19252
19255
19270
19273
19294
19305
19306
19309
19323
19325
19326
19338
19341
19344
19351
19374
19394
19399
19407
19420
19434
19437
19457
19463
19465
19470
19475
19495
19500
19509
19510
19516
19537
19544
19556
19558
19577
19598
19630
19638
19641
19643
19647
19666
19667
19672
19682
19715
19717
19734
19737
19747
19749
19775
19781
19794
19812
19829
19874
19882
19886
19897
19898
19910
19918
19924
19935
19937
19951
19977
19981
20003
20005
20023
20029
20030
20045
20061
20086
20094
20105
20109
20122
20138
20148
20175
20206
20222
20243
20281
20291
20293
20294
20322
20341
20379
20386
20393
20395
20405
20411
20417
20424
20428
20461
20463
20470
20471
20472
20502
20599
20616
20620
20640
20656
20668
20722
20724
20738
20739
20759
20799
20824
20842
20850
20874
20893
20896
20897
20900
20903
20906
20911
20921
20970
20971
20976
20983
20987
21003
21012
21022
21052
21059
21060
21061
21073
21082
21111
21115
21117
21128
21135
21138
21151
21158
21174
21185
21191
21192
21211
21212
21218
21222
21235
21236
21246
21265
21278
21280
21286
21291
21294
21295
21307
21320
21324
21325
21337
21349
21356
21359
21384
21389
21430
21464
21469
21471
21514
21529
21538
21545
21553
21574
21578
21592
21607
21610
21617
21620
21663
21678
21698
21703
21739
21748
21749
21762
21788
21790
21807
21809
21822
21851
21857
21895
21898
21918
21940
21943
21947
21948
21970
21975
21999
22008
22031
22033
22043
22045
22091
22121
22130
22136
22150
22155
22166
22183
22208
22264
22275
22290
22305
22314
22315
22352
22360
22369
22372
22374
22381
22397
22404
22412
22437
22499
22506
22538
22550
22570
22583
22613
22617
22630
22659
22661
22669
22718
22742
22754
22762
22782
22785
22801
22804
22811
22819
22856
22861
22881
22886
22891
22908
22920
22926
22937
22951
22952
22970
22978
23010
23015
23021
23027
23031
23037
23051
23062
23063
23082
23084
23100
23101
23105
23107
23116
23127
23136
23167
23168
23179
23227
23236
23245
23253
23256
23262
23264
23288
23294
23333
23341
23359
23363
23374
23381
23383
23388
23397
23408
23422
23436
23442
23505
23512
23531
23562
23605
23611
23627
23638
23639
23653
23664
23674
23689
23702
23708
23717
23756
23769
23782
23794
23820
23823
23841
23852
23856
23891
23894
23914
23916
23926
23936
23944
23961
23967
23984
23985
24003
24011
24025
24032
24049
24054
24057
24059
24074
24081
24089
24092
24100
24103
24126
24149
24152
24154
24161
24188
24193
24209
24215
24250
24270
24277
24309
24338
24367
24375
24383
24384
24409
24441
24447
24454
24470
24527
24538
24560
24583
24584
24587
24613
24623
24633
24642
24643
24674
24688
24697
24710
24719
24745
24747
24771
24781
24783
24787
24791
24799
24800
24804
24806
24814
24815
24817
24823
24833
24834
24846
24857
24868
24870
24898
24915
24916
24952
24958
25014
25022
25027
25075
25077
25086
25100
25104
25108
25128
25146
25156
25169
25175
25186
25203
25207
25216
25217
25226
25248
25249
25250
25260
25263
25275
25286
25293
25299
25325
25326
25344
25368
25375
25387
25408
25435
25484
25491
25499
25543
25579
25586
25591
25595
25597
25609
25613
25618
25626
25651
25660
25665
25688
25693
25697
25698
25739
25750
25751
25766
25770
25799
25806
25811
25812
25821
25825
25829
25837
25855
25866
25868
25870
25883
25885
25889
25921
25968
25982
25989
25998
26024
26046
26074
26088
26109
26111
26121
26126
26134
26141
26146
26151
26153
26172
26176
26190
26193
26275
26281
26292
26294
26312
26320
26347
26354
26387
26392
26394
26399
26402
26429
26504
26515
26531
26538
26549
26571
26591
26613
26643
26650
26660
26664
26673
26693
26710
26715
26719
26746
26754
26782
26798
26806
26810
26831
26851
26853
26859
26862
26870
26888
26889
26910
26921
26929
26933
26936
26953
26959
26976
27004
27034
27041
27043
27049
27059
27072
27101
27103
27110
27114
27120
27122
27124
27131
27137
27146
27206
27214
27239
27254
27265
27276
27298
27301
27309
27313
27320
27321
27327
27363
27390
27436
27445
27449
27463
27469
27477
27508
27524
27526
27554
27584
27595
27596
27609
27656
27660
27677
27678
27685
27713
27754
27760
27767
27768
27811
27820
27824
27833
27843
27846
27847
27848
27850
27851
27888
27903
27914
27916
27918
27937
27950
27961
27962
27963
27965
27974
27989
27997
28027
28034
28036
28038
28046
28078
28090
28106
28128
28134
28169
28173
28183
28185
28227
28235
28277
28348
28376
28385
28411
28422
28465
28468
28484
28491
28509
28525
28532
28546
28561
28564
28573
28621
28643
28718
28727
28730
28737
28746
28747
28754
28769
28782
28807
28814
28819
28850
28851
28924
28931
28933
28958
28997
29002
29012
29044
29049
29061
29069
29078
29118
29123
29169
29192
29204
29225
29226
29230
29243
29320
29328
29330
29341
29359
29372
29396
29445
29451
29473
29481
29497
29515
29535
29561
29563
29581
29603
29608
29619
29712
29718
29730
29775
29781
29829
29839
29874
29885
29894
29908
29927
29938
29941
29942
29952
29956
29970
29985
30011
30015
30022
30037
30041
30055
30080
30115
30118
30120
30142
30150
30157
30179
30243
30271
30276
30286
30314
30318
30334
30338
30369
30377
30393
30404
30406
30413
30420
30443
30459
