51
60
84
97
100
108
144
153
165
195
211
220
294
303
319
323
349
366
385
415
447
475
487
507
539
556
634
640
643
646
663
704
719
744
748
760
767
786
811
816
826
842
857
861
891
907
936
944
963
966
990
1039
1052
1053
1067
1078
1110
1150
1191
1216
1237
1243
1246
1282
1295
1301
1312
1318
1336
1363
1379
1381
1384
1413
1424
1425
1435
1524
1576
1591
1597
1631
1682
1727
1735
1756
1773
1777
1779
1781
1804
1838
1847
1860
1863
1865
1901
1909
1923
1958
1964
1967
1968
1981
2057
2066
2070
2077
2102
2133
2145
2186
2239
2242
2259
2294
2311
2329
2341
2373
2431
2449
2461
2513
2525
2553
2583
2605
2631
2633
2634
2639
2747
2760
2766
2791
2796
2845
2856
2885
2915
2926
2952
3019
3020
3029
3042
3070
3112
3122
3134
3200
3227
3249
3274
3297
3303
3354
3361
3418
3425
3607
3625
3676
3716
3874
3910
3961
3981
3984
4019
4058
4264
4353
4522
4580
4703
5151
5231
5320
5546
5738
5765
5806
5854
5961
5987
6049
6065
6083
6085
6102
6114
6159
6245
6267
6307
6361
6371
6722
6751
6772
6808
6813
6842
6985
7147
7190
7191
7234
7314
7378
7464
7490
7533
7759
7811
7864
7877
8037
8139
8359
8424
8486
8520
8528
8624
8645
8691
8795
8811
8819
8840
8872
8904
8977
8991
9065
9082
9090
9095
9117
9136
9153
9183
9367
9465
9466
9524
9675
9676
9706
9749
9845
9852
9873
9911
9934
9949
10133
10183
10203
10219
10244
10338
10422
10436
10488
10542
10582
10632
10633
10642
10688
10699
10932
10991
11032
11039
11047
11087
11135
11185
11255
11277
11300
11388
11392
11444
11503
11518
11539
11541
11569
11595
11599
11613
11637
11699
11752
11815
11817
11829
11898
11901
11977
11997
12029
12075
12113
12142
12147
12347
12349
12359
12364
12395
12396
12422
12432
12441
12463
12477
12530
12571
12573
12575
12586
12597
12620
12664
12685
12741
12755
12779
12855
12884
12923
12924
12945
12963
12997
13001
13075
13096
13132
13144
13257
13263
13265
13321
13371
13386
13408
13412
13473
13487
13510
13837
13841
13873
13890
13892
13905
13940
14036
14042
14085
14099
14217
14262
14309
14335
14392
14407
14412
14413
14441
14478
14520
14535
14570
14610
14644
14645
14649
14653
14668
14680
14759
14840
14864
14963
15011
15025
15052
15084
15136
15160
15279
15349
15352
15386
15390
15413
15430
15454
15475
15494
15538
15667
15673
15704
15748
15840
15898
15930
15937
15963
15983
16003
16041
16069
16117
16207
16216
16225
16275
16282
16455
16486
16499
16520
16591
16650
16716
16726
16740
16764
16789
16802
16819
16822
16823
16846
16848
16892
16904
16962
17018
17068
17073
17098
17110
17176
17199
17224
17244
17268
17339
17360
17363
17544
17620
17687
17717
17747
17791
17892
17976
17991
18073
18079
18096
18110
18216
18224
18269
18369
18391
18404
18417
18429
18452
18511
18546
18576
18580
18583
18606
18773
18801
18836
18850
18898
18951
18976
19021
19112
19117
19188
19197
19208
19217
19219
19252
19255
19273
19305
19306
19326
19341
19374
19434
19437
19457
19500
19510
19537
19544
19630
19641
19666
19717
19749
19781
19874
19898
19918
19924
19935
19937
19951
19977
20003
20023
20029
20094
20206
20243
20291
20293
20405
20470
20616
20850
20874
20896
20903
20970
21022
21059
21060
21158
21211
21235
21236
21265
21286
21294
21324
21325
21337
21464
21514
21529
21553
21574
21607
21678
21739
21748
21788
21822
21857
21898
21940
21975
22031
22033
22091
22136
22166
22264
22275
22305
22352
22372
22499
22550
22630
22718
22742
22785
22926
22937
22952
22978
23027
23031
23127
23167
23168
23236
23288
23363
23383
23397
23408
23562
23605
23664
23782
23794
23852
23894
23916
23926
23984
24054
24059
24081
24092
24126
24193
24338
24383
24447
24470
24527
24583
24587
24613
24633
24643
24771
24799
24800
24834
24846
24857
24868
24952
25075
25156
25248
25260
25368
25375
25484
25586
25595
25660
25688
25693
25698
25750
25806
25812
25870
25968
25998
26024
26046
26074
26111
26126
26141
26153
26193
26281
26294
26312
26354
26515
26571
26650
26660
26710
26715
26746
26782
26798
26888
26953
27041
27049
27059
27072
27110
27137
27146
27239
27301
27309
27313
27469
27524
27595
27660
27767
27811
27824
27833
27888
27962
28128
28183
28185
28227
28376
28385
28484
28546
28561
28643
28730
28746
28747
28814
28850
29012
29118
29226
29243
29497
29603
29608
29718
29829
29938
30011
30015
30157
30271
30318
30334
30406
30413
30420
30459
