16
26
51
60
67
69
73
81
82
83
84
87
93
97
100
108
121
124
133
144
153
155
165
181
185
187
191
193
195
211
220
224
234
236
250
294
295
301
303
318
319
323
332
335
349
353
360
362
366
371
374
375
385
386
415
422
428
430
447
450
468
475
487
504
507
517
524
528
539
542
556
559
565
574
580
581
582
614
619
620
626
634
639
640
643
646
649
660
662
663
670
677
678
681
687
704
711
713
719
720
744
748
755
760
767
786
811
813
814
816
819
826
842
857
861
866
880
891
896
899
902
907
936
941
944
963
966
990
1011
1039
1040
1046
1052
1053
1059
1060
1067
1078
1080
1081
1087
1098
1100
1104
1110
1150
1158
1180
1191
1207
1216
1237
1241
1243
1246
1262
1269
1274
1282
1283
1295
1300
1301
1304
1305
1312
1318
1336
1345
1359
1363
1374
1379
1381
1384
1387
1405
1408
1413
1414
1416
1424
1425
1429
1433
1434
1435
1469
1498
1511
1518
1524
1532
1536
1571
1576
1584
1586
1587
1591
1593
1596
1597
1607
1613
1629
1631
1640
1643
1647
1657
1672
1682
1683
1689
1691
1720
1727
1735
1755
1756
1768
1769
1773
1777
1779
1781
1790
1804
1814
1816
1831
1838
1844
1847
1860
1863
1864
1865
1872
1874
1901
1908
1909
1918
1923
1927
1947
1953
1958
1964
1967
1968
1974
1981
1989
2002
2013
2018
2021
2025
2057
2066
2070
2077
2094
2102
2120
2133
2141
2145
2164
2168
2186
2213
2217
2229
2239
2242
2259
2271
2277
2284
2294
2311
2313
2329
2336
2341
2352
2364
2367
2373
2377
2387
2390
2403
2407
2424
2425
2431
2435
2449
2455
2458
2461
2465
2498
2509
2513
2525
2543
2553
2562
2569
2583
2605
2630
2631
2633
2634
2637
2639
2656
2674
2692
2741
2747
2751
2757
2760
2766
2791
2795
2796
2803
2805
2833
2845
2846
2856
2871
2885
2888
2915
2926
2950
2952
2962
2975
2978
2987
3001
3013
3019
3020
3029
3036
3042
3051
3054
3058
3067
3070
3075
3076
3085
3095
3112
3122
3125
3134
3135
3161
3169
3180
3198
3199
3200
3201
3219
3227
3249
3262
3274
3297
3303
3318
3324
3326
3348
3354
3358
3361
3363
3418
3425
3426
3435
3452
3472
3475
3513
3574
3582
3607
3625
3639
3676
3688
3691
3716
3773
3782
3827
3849
3874
3910
3918
3950
3961
3981
3984
4019
4058
4149
4200
4211
4264
4290
4323
4353
4419
4434
4522
4566
4580
4659
4663
4674
4703
4787
4795
4843
4846
4850
4902
4966
5014
5017
5018
5024
5060
5062
5064
5151
5203
5211
5225
5231
5298
5320
5329
5380
5397
5493
5526
5546
5590
5723
5730
5738
5751
5765
5785
5797
5806
5812
5827
5839
5843
5847
5854
5867
5870
5961
5987
6043
6049
6061
6065
6083
6085
6101
6102
6114
6156
6159
6174
6194
6197
6205
6240
6245
6267
6277
6307
6361
6371
6385
6417
6577
6675
6716
6722
6727
6735
6751
6772
6808
6813
6842
6851
6917
6933
6939
6949
6985
6995
7001
7002
7032
7069
7080
7083
7098
7120
7147
7151
7157
7190
7191
7197
7234
7274
7302
7314
7378
7392
7395
7410
7425
7441
7448
7464
7465
7474
7479
7484
7490
7512
7533
7596
7630
7688
7759
7761
7768
7811
7864
7875
7877
7890
8037
8052
8088
8139
8196
8296
8336
8352
8359
8424
8430
8482
8484
8486
8492
8493
8520
8528
8557
8605
8608
8618
8624
8645
8691
8726
8743
8795
8811
8812
8819
8840
8847
8872
8904
8917
8926
8956
8977
8991
8994
9003
9014
9050
9056
9065
9082
9090
9095
9108
9117
9134
9136
9153
9161
9170
9183
9205
9215
9248
9270
9286
9306
9367
9456
9465
9466
9497
9524
9560
9581
9595
9605
9639
9659
9675
9676
9697
9706
9709
9725
9740
9749
9754
9759
9762
9780
9833
9845
9848
9852
9855
9873
9882
9897
9911
9926
9927
9934
9949
10000
10060
10067
10073
10118
10133
10174
10180
10183
10191
10203
10212
10219
10230
10244
10271
10294
10338
10409
10418
10422
10432
10436
10443
10466
10487
10488
10491
10502
10542
10582
10601
10632
10633
10642
10688
10699
10711
10715
10763
10799
10805
10823
10881
10916
10932
10959
10969
10989
10991
11018
11024
11028
11032
11039
11047
11087
11088
11091
11094
11105
11120
11135
11171
11174
11175
11185
11255
11258
11277
11286
11288
11300
11303
11310
11348
11364
11374
11388
11392
11395
11420
11444
11456
11459
11488
11492
11503
11518
11524
11539
11541
11559
11569
11586
11595
11597
11599
11613
11637
11699
11700
11714
11752
11795
11815
11817
11826
11829
11839
11869
11898
11901
11947
11977
11987
11997
12029
12044
12073
12075
12078
12092
12113
12124
12136
12142
12147
12154
12176
12211
12233
12274
12280
12347
12349
12359
12364
12370
12391
12392
12394
12395
12396
12416
12420
12422
12432
12441
12463
12472
12473
12477
12486
12498
12524
12530
12535
12545
12550
12571
12573
12575
12578
12586
12597
12600
12610
12620
12627
12628
12642
12658
12664
12685
12705
12713
12741
12755
12779
12816
12842
12855
12872
12875
12884
12923
12924
12941
12945
12961
12963
12977
12997
13001
13005
13011
13014
13032
13044
13058
13060
13062
13075
13096
13112
13125
13132
13144
13147
13186
13257
13263
13265
13294
13310
13321
13371
13380
13386
13408
13412
13437
13464
13473
13487
13490
13493
13510
13512
13616
13691
13719
13739
13807
13808
13837
13839
13841
13844
13849
13860
13864
13873
13890
13892
13901
13905
13927
13928
13932
13934
13940
13959
14036
14042
14053
14055
14085
14099
14129
14137
14143
14148
14202
14209
14217
14233
14262
14292
14308
14309
14335
14346
14392
14407
14412
14413
14414
14441
14478
14480
14483
14520
14535
14570
14576
14598
14607
14610
14644
14645
14649
14653
14668
14673
14680
14718
14759
14760
14787
14803
14806
14811
14831
14833
14840
14864
14892
14963
14975
15008
15011
15025
15052
15062
15067
15071
15084
15098
15136
15160
15207
15245
15252
15265
15279
15293
15302
15308
15349
15352
15386
15390
15413
15420
15430
15454
15475
15487
15488
15490
15494
15515
15538
15567
15601
15610
15667
15673
15699
15704
15711
15726
15748
15815
15832
15838
15840
15866
15896
15898
15903
15911
15922
15930
15937
15946
15963
15977
15983
16003
16041
16068
16069
16085
16105
16117
16129
16133
16137
16150
16157
16173
16207
16216
16224
16225
16229
16232
16271
16275
16282
16314
16320
16323
16329
16423
16436
16455
16457
16478
16479
16486
16499
16520
16524
16563
16573
16575
16584
16589
16591
16596
16597
16632
16648
16650
16690
16699
16716
16717
16726
16732
16740
16764
16789
16795
16802
16810
16819
16822
16823
16846
16848
16890
16892
16904
16962
16965
16969
16973
16981
16982
16995
17007
17018
17064
17068
17073
17086
17098
17110
17125
17130
17149
17176
17182
17199
17217
17224
17244
17268
17274
17289
17302
17319
17339
17360
17363
17380
17397
17433
17481
17506
17515
17531
17544
17615
17620
17643
17687
17696
17699
17717
17736
17747
17765
17791
17829
17867
17891
17892
17896
17927
17958
17960
17962
17976
17991
17992
17993
18073
18076
18079
18093
18095
18096
18110
18154
18194
18215
18216
18224
18227
18231
18232
18244
18269
18369
18391
18392
18404
18417
18424
18429
18436
18452
18456
18469
18511
18525
18532
18546
18576
18580
18583
18606
18615
18715
18719
18732
18743
18772
18773
18792
18801
18808
18836
18839
18842
18843
18850
18871
18877
18878
18882
18889
18898
18951
18954
18972
18976
18997
19021
19112
19113
19117
19124
19145
19188
19197
19208
19217
19219
19252
19255
19270
19273
19294
19305
19306
19326
19338
19341
19374
19399
19434
19437
19457
19463
19470
19500
19509
19510
19516
19537
19544
19556
19558
19598
19630
19638
19641
19643
19666
19667
19672
19715
19717
19747
19749
19781
19812
19829
19874
19886
19897
19898
19910
19918
19924
19935
19937
19951
19977
19981
20003
20005
20023
20029
20030
20045
20061
20086
20094
20122
20206
20222
20243
20291
20293
20294
20379
20386
20405
20411
20417
20424
20461
20463
20470
20502
20616
20656
20668
20724
20759
20850
20874
20893
20896
20897
20903
20906
20911
20921
20970
20971
20976
20983
21003
21022
21052
21059
21060
21061
21082
21111
21115
21128
21151
21158
21191
21192
21211
21212
21218
21222
21235
21236
21246
21265
21278
21280
21286
21294
21307
21324
21325
21337
21349
21356
21359
21384
21389
21430
21464
21471
21514
21529
21538
21553
21574
21578
21592
21607
21610
21620
21678
21703
21739
21748
21749
21788
21790
21807
21809
21822
21857
21898
21918
21940
21943
21975
21999
22008
22031
22033
22045
22091
22121
22130
22136
22150
22166
22208
22264
22275
22305
22315
22352
22372
22374
22381
22397
22437
22499
22506
22538
22550
22570
22583
22613
22617
22630
22659
22661
22669
22718
22742
22754
22785
22804
22811
22819
22856
22861
22886
22908
22920
22926
22937
22952
22978
23027
23031
23062
23100
23101
23105
23127
23167
23168
23179
23227
23236
23245
23256
23288
23333
23341
23363
23374
23381
23383
23397
23408
23422
23436
23442
23505
23512
23531
23562
23605
23611
23639
23653
23664
23674
23689
23702
23756
23769
23782
23794
23820
23852
23856
23894
23916
23926
23936
23961
23967
23984
24025
24032
24054
24057
24059
24074
24081
24089
24092
24103
24126
24152
24154
24161
24188
24193
24270
24338
24367
24375
24383
24384
24441
24447
24454
24470
24527
24583
24587
24613
24623
24633
24643
24688
24710
24745
24747
24771
24781
24783
24799
24800
24806
24814
24815
24817
24823
24834
24846
24857
24868
24870
24915
24916
24952
25027
25075
25086
25100
25108
25128
25156
25169
25175
25203
25207
25248
25250
25260
25263
25275
25286
25299
25344
25368
25375
25387
25408
25484
25499
25543
25586
25595
25597
25618
25651
25660
25688
25693
25698
25739
25750
25806
25812
25825
25855
25868
25870
25883
25885
25889
25968
25982
25998
26024
26046
26074
26088
26109
26111
26121
26126
26134
26141
26151
26153
26172
26190
26193
26275
26281
26292
26294
26312
26320
26354
26387
26392
26504
26515
26538
26549
26571
26591
26650
26660
26664
26693
26710
26715
26719
26746
26782
26798
26806
26810
26831
26851
26859
26862
26888
26953
26959
27004
27041
27049
27059
27072
27101
27110
27114
27137
27146
27206
27239
27265
27301
27309
27313
27320
27327
27363
27445
27469
27477
27524
27526
27554
27595
27660
27685
27767
27768
27811
27824
27833
27846
27850
27888
27914
27918
27937
27950
27961
27962
27963
27965
27974
27989
28027
28034
28036
28038
28046
28078
28128
28134
28169
28173
28183
28185
28227
28277
28348
28376
28385
28411
28468
28484
28509
28525
28532
28546
28561
28564
28621
28643
28718
28727
28730
28737
28746
28747
28754
28782
28807
28814
28850
28997
29012
29044
29049
29069
29078
29118
29123
29225
29226
29243
29328
29341
29359
29451
29473
29497
29561
29603
29608
29619
29718
29775
29829
29839
29874
29885
29927
29938
29941
29952
29970
30011
30015
30041
30055
30080
30118
30157
30243
30271
30286
30318
30334
30338
30369
30377
30393
30406
30413
30420
30459
